26.6089
1
0
10
50
16.9862
0.44581
10.6036
-4.40291
23.8108
16.9862
0.44581
-16.0053
-4.40291
23.8108
15.1835
2.01629
20.8231
-54.6339
19.3558
15.1835
2.01629
-5.78578
-54.6339
19.3558
15.2347
14.9626
2.47916
-57.5948
-39.9887
15.2347
-11.6463
2.47916
-57.5948
-39.9887
3.8921
22.5219
6.23078
-70.0647
68.2299
3.8921
-4.08699
6.23078
-70.0647
68.2299
24.1249
0.207882
12.9301
-42.3838
27.1892
-2.48403
0.207882
12.9301
-42.3838
27.1892
18.1377
23.5768
26.5797
-86.704
77.261
19.4743
25.148
16.4121
-84.5891
18.1527
17.8243
13.1924
16.3342
-54.3043
67.7905
-8.78464
13.1924
16.3342
-54.3043
67.7905
-8.78464
-13.4165
16.3342
-54.3043
67.7905
19.5166
8.39243
5.81745
-2.266
41.8125
-7.09235
8.39243
5.81745
-2.266
41.8125
17.2299
10.7457
12.0531
-60.347
63.3903
7.1224
5.30668
13.8899
-88.0993
15.1039
16.1198
23.2113
10.55
-57.8201
62.8904
21.2933
14.473
16.9643
41.5873
3.77117
21.2933
14.473
-9.64459
41.5873
3.77117
13.6211
26.496
15.4726
-64.5439
-87.6159
2.02279
15.4799
7.8305
19.6524
66.8181
3.78816
26.3166
15.3613
-10.127
-0.508133
3.78816
-0.292334
15.3613
-10.127
-0.508133
3.78816
-0.292334
-11.2476
-10.127
-0.508133
17.9712
6.24621
20.6599
-42.7903
-64.4725
17.9712
6.24621
-5.949
-42.7903
-64.4725
17.3094
11.4481
18.6128
-58.2431
-69.1308
17.3094
-15.1608
18.6128
-58.2431
-69.1308
12.8611
4.57341
3.71346
-63.5276
51.3489
11.3832
26.1639
3.28551
-16.0378
69.2682
11.3832
-0.444998
3.28551
-16.0378
69.2682
-15.2257
-0.444998
3.28551
-16.0378
69.2682
18.9083
16.5258
22.1021
23.5911
-51.0852
18.9083
16.5258
-4.50682
23.5911
-51.0852
9.5171
25.4802
9.64459
-4.58968
12.8901
11.2281
20.7249
10.0449
3.71075
42.653
22.8922
23.4176
5.80365
-62.2037
83.1553
22.8922
-3.19131
5.80365
-62.2037
83.1553
-3.7167
-3.19131
5.80365
-62.2037
83.1553
21.649
11.1558
8.32503
-35.4732
43.3561
-4.95994
11.1558
8.32503
-35.4732
43.3561
0.929785
22.8305
22.8061
-85.6877
52.5904
12.5655
15.5944
22.2783
-34.2262
-28.667
16.685
5.9287
1.71097
-49.3219
75.4756
-9.92393
5.9287
1.71097
-49.3219
75.4756
1.31388
25.0953
1.69391
-77.2445
44.1911
24.0827
15.1137
16.5924
15.3072
19.3228
